function data()
return {
	times = { 0, 41.667, 83.333, 125, 166.667, 208.333, 250, 291.667, 333.333, 375, 416.667, 458.333, 500, 541.667, 583.333, 625, 666.667, 708.333, 750, 791.667, 833.333, 875, 916.667, 958.333, 1000, 1041.667, 1083.333, 1125, 1166.667, 1208.333, 1250, },
	transfs = {
		{ 1, 0, 0, 0, 0, 1, 0, 0, 0, 0, 1, 0, 0, 0, 0, 1, },
		{ 0.99999207258224, 0.0039819260127842, 0, 0, -0.0039819260127842, 0.99999207258224, 0, 0, 0, 0, 1, 0, 0, 0, 0, 1, },
		{ 0.99987888336182, 0.015565121546388, 0, 0, -0.015565121546388, 0.99987888336182, 0, 0, 0, 0, 1, 0, 0, 0, 0, 1, },
		{ 0.99941492080688, 0.03420178219676, 0, 0, -0.03420178219676, 0.99941492080688, 0, 0, 0, 0, 1, 0, 0, 0, 0, 1, },
		{ 0.99823826551437, 0.059332191944122, 0, 0, -0.059332191944122, 0.99823826551437, 0, 0, 0, 0, 1, 0, 0, 0, 0, 1, },
		{ 0.99590772390366, 0.090375080704689, 0, 0, -0.090375080704689, 0.99590772390366, 0, 0, 0, 0, 1, 0, 0, 0, 0, 1, },
		{ 0.99193871021271, 0.12671838700771, 0, 0, -0.12671838700771, 0.99193871021271, 0, 0, 0, 0, 1, 0, 0, 0, 0, 1, },
		{ 0.98583602905273, 0.16771198809147, 0, 0, -0.16771198809147, 0.98583602905273, 0, 0, 0, 0, 1, 0, 0, 0, 0, 1, },
		{ 0.97712528705597, 0.21266408264637, 0, 0, -0.21266408264637, 0.97712528705597, 0, 0, 0, 0, 1, 0, 0, 0, 0, 1, },
		{ 0.96538162231445, 0.26084154844284, 0, 0, -0.26084154844284, 0.96538162231445, 0, 0, 0, 0, 1, 0, 0, 0, 0, 1, },
		{ 0.95025432109833, 0.31147509813309, 0, 0, -0.31147509813309, 0.95025432109833, 0, 0, 0, 0, 1, 0, 0, 0, 0, 1, },
		{ 0.93148916959763, 0.36376905441284, 0, 0, -0.36376905441284, 0.93148916959763, 0, 0, 0, 0, 1, 0, 0, 0, 0, 1, },
		{ 0.90894520282745, 0.41691553592682, 0, 0, -0.41691553592682, 0.90894520282745, 0, 0, 0, 0, 1, 0, 0, 0, 0, 1, },
		{ 0.88260740041733, 0.47011068463326, 0, 0, -0.47011068463326, 0.88260740041733, 0, 0, 0, 0, 1, 0, 0, 0, 0, 1, },
		{ 0.85259282588959, 0.52257573604584, 0, 0, -0.52257573604584, 0.85259282588959, 0, 0, 0, 0, 1, 0, 0, 0, 0, 1, },
		{ 0.81915205717087, 0.5735764503479, 0, 0, -0.5735764503479, 0.81915205717087, 0, 0, 0, 0, 1, 0, 0, 0, 0, 1, },
		{ 0.78266441822052, 0.62244385480881, 0, 0, -0.62244385480881, 0.78266441822052, 0, 0, 0, 0, 1, 0, 0, 0, 0, 1, },
		{ 0.74362909793854, 0.66859233379364, 0, 0, -0.66859233379364, 0.74362909793854, 0, 0, 0, 0, 1, 0, 0, 0, 0, 1, },
		{ 0.7026498913765, 0.71153569221497, 0, 0, -0.71153569221497, 0.7026498913765, 0, 0, 0, 0, 1, 0, 0, 0, 0, 1, },
		{ 0.66041928529739, 0.75089699029922, 0, 0, -0.75089699029922, 0.66041928529739, 0, 0, 0, 0, 1, 0, 0, 0, 0, 1, },
		{ 0.61769688129425, 0.78641611337662, 0, 0, -0.78641611337662, 0.61769688129425, 0, 0, 0, 0, 1, 0, 0, 0, 0, 1, },
		{ 0.57529067993164, 0.81794893741608, 0, 0, -0.81794893741608, 0.57529067993164, 0, 0, 0, 0, 1, 0, 0, 0, 0, 1, },
		{ 0.53403544425964, 0.84546196460724, 0, 0, -0.84546196460724, 0.53403544425964, 0, 0, 0, 0, 1, 0, 0, 0, 0, 1, },
		{ 0.49477344751358, 0.86902183294296, 0, 0, -0.86902183294296, 0.49477344751358, 0, 0, 0, 0, 1, 0, 0, 0, 0, 1, },
		{ 0.4583392739296, 0.88877725601196, 0, 0, -0.88877725601196, 0.4583392739296, 0, 0, 0, 0, 1, 0, 0, 0, 0, 1, },
		{ 0.42554530501366, 0.90493696928024, 0, 0, -0.90493696928024, 0.42554530501366, 0, 0, 0, 0, 1, 0, 0, 0, 0, 1, },
		{ 0.39717122912407, 0.91774445772171, 0, 0, -0.91774445772171, 0.39717122912407, 0, 0, 0, 0, 1, 0, 0, 0, 0, 1, },
		{ 0.3739592730999, 0.92744499444962, 0, 0, -0.92744499444962, 0.3739592730999, 0, 0, 0, 0, 1, 0, 0, 0, 0, 1, },
		{ 0.35660526156425, 0.93425500392914, 0, 0, -0.93425500392914, 0.35660526156425, 0, 0, 0, 0, 1, 0, 0, 0, 0, 1, },
		{ 0.34575897455215, 0.93832331895828, 0, 0, -0.93832331895828, 0.34575897455215, 0, 0, 0, 0, 1, 0, 0, 0, 0, 1, },
		{ 0.34202012419701, 0.93969255685806, 0, 0, -0.93969255685806, 0.34202012419701, 0, 0, 0, 0, 1, 0, 0, 0, 0, 1, },
	},
}
end
